>PAM50 
A,R,N,D,C,Q,E,G,H,I,L,K,M,F,P,S,T,W,Y,V
8,-7,-2,-2,-7,-4,-1,0,-7,-4,-6,-7,-5,-8,0,1,1,-15,-8,-1
-7,12,-5,-10,-8,0,-9,-11,0,-5,-9,2,-3,-9,-3,-2,-6,0,-14,-8
-2,-5,10,3,-11,-2,0,-2,2,-5,-8,0,-9,-8,-5,1,0,-11,-4,-7
-2,-10,3,10,-16,-1,5,-2,-3,-8,-13,-4,-12,-16,-7,-2,-4,-18,-12,-8
-7,-8,-11,-16,14,-16,-16,-12,-8,-6,-17,-16,-15,-14,-8,-2,-7,-17,-3,-5
-4,0,-2,-1,-16,12,3,-7,3,-7,-4,-1,-3,-14,-1,-5,-5,-15,-13,-7
-1,-9,0,5,-16,3,10,-3,-4,-6,-9,-4,-9,-15,-5,-3,-5,-19,-9,-7
0,-11,-2,-2,-12,-7,-3,9,-10,-11,-11,-8,-11,-10,-6,0,-5,-17,-15,-5
-7,0,2,-3,-8,3,-4,-10,13,-11,-7,-5,-11,-5,-3,-6,-7,-11,-2,-7
-4,-5,-5,-8,-6,-7,-6,-11,-11,12,0,-5,1,-1,-9,-6,-1,-16,-7,4
-6,-9,-8,-13,-17,-4,-9,-11,-7,0,10,-9,3,-1,-7,-9,-7,-12,-7,0
-7,2,0,-4,-16,-1,-4,-8,-5,-5,-9,9,0,-15,-6,-3,-2,-12,-13,-9
-5,-3,-9,-12,-15,-3,-9,-11,-11,1,3,0,16,-4,-9,-5,-3,-15,-12,0
-8,-9,-8,-16,-14,-14,-15,-10,-5,-1,-1,-15,-4,13,-12,-7,-8,-3,4,-8
0,-3,-5,-7,-8,-1,-5,-6,-3,-9,-7,-6,-9,-12,11,0,-3,-15,-15,-6
1,-2,1,-2,-2,-5,-3,0,-6,-6,-9,-3,-5,-7,0,8,2,-4,-7,-6
1,-6,0,-4,-7,-5,-5,-5,-7,-1,-7,-2,-3,-8,-3,2,10,-14,-7,-1
-15,0,-11,-18,-17,-15,-19,-17,-11,-16,-12,-12,-15,-3,-15,-4,-14,20,-3,-19
-8,-14,-4,-12,-3,-13,-9,-15,-2,-7,-7,-13,-12,4,-15,-7,-7,-3,14,-8
-1,-8,-7,-8,-5,-7,-7,-5,-7,4,0,-9,0,-8,-6,-6,-1,-19,-8,10
